¹ 66· . ⁵ 6650166111

Ι666 ιιι ιιι 16661661 666616661661166166,
666 111611 661. -· 1111116 16 6111161, 6661611666116 6161
1111161661 116. 0166 16166 11 1616111, 11 1611611 11111 666

’ 11161111616061111 611661616661616 611116116616, 1111 ιιιι

66610161611161111, 661 61611 611611 16111611161611161
61661 611616 666 661116 3611616,1611611616 61161166
161116 1111161661666166611616616 1166616116, 6611
,66611 61111 3611111 661111 61111616 061111 66 ιιι 6661
Ι6161616 61611166 1113661 666 311116 61116111 01111 3661
6111 61616611 11661. 16, 10 3661 11611 1111611616, 6610661.
16,1366111611 11661616 6111 66 61161 111 3161 11611 1
31111 6116116 661111 16616 61616616111136611611 ιιι
666 61161 6111661116, 661 116616 666 6161, 1616 0161666

, 61111116111,116136611161116616 06611 1161161611 6616116

“ 660 111 1111161116 061111 (0611111), 661 6111, 661 611111
16666 6161111111 16111, 66161661 6161 16666111661616, 6111
,00661116616116 6116616111661 6116661161 611 ιιι 0161
66166616 111061666616 6161 11111166166616, 1166 61 6111616
66661166611111111661 6111 61666 61, 1666116 Ι6111 61 6161
6666666616 661 6161116 161116 11611666111611161161616
j ι 61161616 ιιι 0166611161 (11116166661161000 3111, ’

. . 661000 3661 111 061116, ’61000 11613111, 6611811116 661
1161 66161 3111, 81, 1000 1161 1111613111,·6,1000 1661166616
1161111116, ιο61000 0116666111616111-4116116 6161 ι

116, 116 116 6616166111111110611611666 6661666616 611116 ἶ
1166111 1116 16 11611 111616,1661111616 666 66616611
111611166116, 61611116 666 1161 61616116116161611116111111611
(innoxie) - 01611 1611 6611 11111 66116 6161 111616 1611

, ’ ’111 0116666166111, 666 111 81111111 Qum 011 111111 11161111

1166616616111166 616166 11116116. 11116661. ,

ι
m

016611 66 01116611 ιιι 11 1111111116
Ι 0111161616, 11616 16 616111 11661 6111 ιιι 111111·
111616 um 1001111 0611 66 16 616 16116616 11666111 11161
6116111 6616611666 6610111116111111611616, 61666116 1161

 

