99 ’ ,99898989ῑῑ899989999999 ·

s 99999999999999898999989·99999999999999999
99999999· 9999, ,9999 8989999999 9999 8999999999 89999999 9999989999 3333
98999999 99 9999989 9899999 99 ,99999999 ,8989999889 ,999 999.
899999 899999 99999999 ‘Quot 99999 999 8989999999, 9999999
09989 8999 8999999999 ,999 99η, ,
. 9998999999 9999999999 899 9999999999 &metm-.- 99999· Q 9
999999 9998999999 99999999 ,999999 8999999 9999 1,999 9999 999999
99999999, 8999 ommi& 9999999999 999 9999 99999999999899
99999 8999999999 9989999989989999989899999999999 9999

’ 999999 899999 ’999 9989999999 ,9999999999 89999999899999
, ’99998999 η99999 9998999 9999 8999999999 999999 99989999999989998

8998999 9999 9999999999 8998999999 9999999998999·- 99· 989999, 9998
,9999 9999999999 9989999998 999 99999 9999999 999
9999999999 999 ,99999999 3999999999· 99999 9999999999 9999

ᾖ ,999999999989989 9919 99999 999 9999999 9999999999 ,999999 ,899

9899999999 999999 Q QQ 9999999, 999999 999 99999999 9999999999,

’ 9999999999999999999999999999999999, 89998998899989999999

8999. 9999 9999999899999999999 ·9999·99999999999999999999
’9999 99999999 899, 99999 999 9999 99999 Q 9999999999 9999
99999, 99999 ,8999 «999 9999999899 999999 9898 999999 Qu„
8998988988 98999999. munh· 999 999 9999999 9999

· 9999999989899 99999999 999.» Q 9999999 99999 9999999

9989999989999999999 99999· 8999899· 999999
888889898808199898998898988898 99889 9198911 etQ*
Ἰ 9999999999 ’·9999999 9999 9999 . ·.99999999 9999999 9999 9999889999
9999998999999,9999999999999999999989999999999999
, 999· 9999999999 89999999999998999 NJQQQQQQ 999899,
,9999999999 99, 99 99999999 Q 9999999999· 9999999, ,999

,, 99999, ··,999999 999, bat ,9999998999 9999999999, 9999999999. 999999
,ι 99 999 ,8999998989 8999999999 9999 9999 99999, 9999999,
99 Q3oem Qu 99999999 999 »89 8999999999, 99999, 9899999999
,9999999 999 899999, mit 999999, 99 Ι9899999 999 9989999999999
ι, 999999 9999999999 9999999999. 999999· 9999 9999, 9999, 9999
9999999999 99999999 99 999 99 Q] 9999 99999 999999 99999999

’ 99989 ,98999999 9999 99999 BQ 899999 99999999) 99999999 9999999 9

 

, Qet 899998 999 9999999999 999, ’999999999999999 9999999 QQ

