¹ Ι, 1111 01110110 m

101100 0101111101 1111001010111 01111 (1011100111 appli- ,
11110. 01010. respondeas 111 incitamenta 011011 prae·
scripto 1101011010. 0101 1101111 11011 0101111111 00 0. 1. ’

11001 00 011011100101111300111101.1111, 0 100 011 ina m

0111001011110. 11, mystice 1100011011, 1111 0111111 0111011 ·
11110111 111011, 001100 10 00110 00 110111 (1111001011 011111
10110 111111· ’01111 1011111011οο 00110010111010, 00011
11601011οο0 000 00 1011111111 00 0. 5 1100 0 1101111111 ·
1110011100 110101 00 01111010 01111110 1111111001 011Ι
1111101111 0111111111 1000 0011 01001110 1011 1100101011

1111111111 01011101. 11110100011001011101110111111 ,

0011 800 0111 Ι0111111 10010110 10 eremum Europae 1011111110
’010 1100. ’6011 001101001111100110 0111111110111100010
1011011 0001000 1000 00 1111111011, 101000 010 10111011 .
11111111 11011 1010 0011010110 0110000111 1011010. 0101110111

111 1101101101 011111 3011 000 011 100111 1100011111 011 .
8011110, 0011111 11 000 110111 000101111111110 11 10011101 .

s 01111100 00010111 1110111111 10 011001οη0 0111110111.
010101. 11101 (01111011111000111810. 010. 11.) 00111 ’
1 1000111101011111101110 11101101111010001101 1001010011 00·
μ 11101110 11110111. 0111001101110011111 1101810010, 3110111111 .
1 100110 0101010000, 010 01011110 1011 (1010010010 011011

1 0111110011. 01 111 000 6101011100 1110010111. 0111101111 · ,
1111 010 1111111110 1110111130111 11100 010 0010010001101 Α ,,

1 1111 at. 0111 1100 010 000110 10101111. 0011 1010011 10011
÷ 111 1111 10011 001110001110001010 01 1011 11100 011
, 6010111011οα 10011, 111111 1110 1100010111 01101010110110

2 61110, 10110 010 111 11011 0101110 000 010111111111101111· ·

1 1001010 011 01111 1110001· 1001 Ι11001 Ι101 0111101010011,
, 11011111 noti, 11111 1111111111, 1111 absentem 1101111. 11110
: 0110 000 temporo 0010 1011011 101111 10111110, 0011110 1110
s 110111010111 011011 1000 10101010110000 1010-101110
. 9011110001010110011111111011100111101011111, 011101010

1 1100 11110111, 0111111 1001010, 011 0001 0010111110 000 -

1 011 0111111101 0010 1011110111 001011. 111111100101101100·Ι
1 111111 111 01160111, ’0101 00 0100101100210111 1011011, 10 .

 

