88 ‘ 3333333333 1

333333 3333333333 33333333 88 888 3333 3333 333 3333
33333333 333 3333 666 ,333333 888 333 82 8888888 333 333333,
333333 888 8881'8008888888 33333 333 3333333333 3333333333
33333, 333333 888 8888 8888888888 3333, 33333 333333 38 33333 ’
88888888, 33333 333 3333333333 333 33333333333333333333
333 333 333 3333333333 33333333 33333 88 33333 8888 333

33333 333 633333, 333333 8888 33333 3333333 33333 333333
’33333 3333333333 333, 3333 3333333333333 333 ’333333 88

³' 333333, 3333333 8888 33333 333 633333 33333 3333 3333333 3333

, 33333333 333 333 333333 333 8888 33333333 888 33333333 ’
3333333333 33 3333. 3333 833333 8889 11. 12 33. 33333333 .
333333, 33333333 33 88 333 3333333333 (3333 333333, 333333

. ’ 3333333333 88 333 33333333 333 3333333333 3333333333 888

333333 333 3333 888 3333333333 3333333333 888888888888

· 888888888,- 888 33 33 333 3ο. 3333333 33333 8888 6333333

333333 888 88888 3333333333 3333333333 3333333333. ·
,8888 33333 333333 3333 333333 3333333333, 333 ’3333
333333, 888 333 33333, 333 333333 33, 33 ’333 3333 33333333
3333 33 3333 3333, 333 33333, 3333· 333 3333 3333. 8888 ist'
‘88' 88 888 3333333333 33 33333 3333333 888 3333333 333, 333
3333333333 888 3333333333Χ 81888888188 333 8888 333
333333333333333 33 3333 33333333 8888 3333 333 3333333333
888 3333333333 3333333333 33333333 333-3333333333

, 3333333 3333333 3333333333 333333333333 8888 ,8st 888

3333 33 333 333333 33333333 33333333 33 33333333 888 33333
8888 3333333333, 33333333 33333333. 33333 333 333 3333 33333333
3333333, -333 3333333 3333333333 333333 888 333 333333 33333.
, 33333333 33333333. „Qu 3333333 33 333, 333, 333 8888
333 ⁴8'88888888, 333 333333 »333 8888 888, 333 333333 8888
333 888, 8888888888 888 333333, 333 33333 333 x{8888 333
3333333 3333333333, 333 8888, 3333333333 333 3333333 3333 3
3333 333 3333333333 3333333333333 333 '888888N 3333333333 880
-33 888 8888 3333333333, 33333333 3333333333 3333333333ει

’ 888· 88 333 633333 33333333 8888 3333333333 333333 333)

333 88 888888 888888 3333 33333333, 333 333333 888 8888881
333 3333333333 333 333333 33333 333 3333 888 33333 888

 

