'Q QQ. 16116611 ·’ '-

· QQQ 611 61111661 1111611611 6611161111,116661161111661166

1616616 61116616 611 11111616 116 666 QQQQ 1116 1116 66

-- 1666116116611,611161666661116161161166111119, 1616

661166616161666611 6666111 6611611616 11611111 611111 666

66 611 11 616, 16111611 611661 661111111116111166 661 (1 QQQ.

·· 1, Q 6666161661)166,1611161111611611611611161611666,χ

, 11166666666)6666116116661611681661661616116,661

61116116111666611,16611611161111161111611111,6611616
866161661111, 666661666116661166111166611116161611 ι
1 ’ 6111116666166116161161116111. 6161111611166116611619 ¹
17161111 111111 611111 1166161166 111111 1111616 666 1616116·-ἶ
111616611 166 16661666 611 1111611166 661 19611616, 616 ’

6111611611,6116111116,61661111119; 66611 6616111161

. 11,6161666611661111116611116616111161166,66616161

1111 11111. 161166 611 1716 6166 6166161611 66616166

66611611616616161666 1711-«1896, 611 661611 3th QQ

“ 61166111166116161161166116111(11111666 611 Non esse)
¹ ”’111611’11616166161161 61 QQ 61161 1611111616166666616 “

Ι,611111116161166 611 11111666. 6111661 661 3QQ 661 1161616111
6111611611 QQQ QQQQQ, 6111616 166 661 616166116616161161111 ·

s ’1661 6611611 611111111616116161 611 1666161116 6616166116
166166,661166666661161.16,191111616.1111611111
11111661116111166111(61666666 11, 19), 6611, 11111

, J 1 611611166661111 66166166111661666166611616111161.66

³ 6116116111,66116161116661661111166166. 6111616666661
611161 11 16161161 661 16669366161166 1161 11661161 QQ

1611 16 QQQ QQ 661 616 166116 6366611, 1611611166 61116161

61666 6111116111 QQQQQQQQ 611 6161666161 6611111666, 61616

3661111 11111 Q 661116111111 611661666 6161116666 QQQ

. 16111611, 661 16666116616116166611966116 tyberls

· QQQQQQ QQQ 1111 611 6161661616 611 3QQ1 1116611661661
ι6661666111 11(16111116111611166111611666616,116666

6111111 QQQQQQQQ QQ 6111 1116161616 6111111111), 11161) 61116111

·‘ 6166111111, QQ 116 66616166111611166 616 1611111 111161 366111
. · 1111111, 661611116611666,6161111611611616 1611, 16611111χ

 

