3!

111 ⁴ 1111111111 ”a ¹

111 11111 11111111, 111111111111111111111 111 111111
111111111111-1111 111111111111111111 1111111 1111 111
1111 1111 111111 1111111 1111 311111 11111, 11111 1111111111
111111 1111111. 11111 1111 1111111111111111, 11 1111111
1111111 1111 111 11111 11111111 1111111, 11111 111111111111111Ι
11111 111111 1111111 111111 1111111111. 111111111111111111

· 11 111 111111111111,11111111 1111 11111111111111111
11111 11111111 111111 1111111111. -Ι
, 1111 111111111111111111 111 11 11111111111111
11111111,11.,1111111711.Ὶ

ι 1 - 1111111111111111.
111 1111 11 1111111111 111 11111 11111111 11111111·
111 11 11111.111,111111 11111 11181111113111111
111 11111111 1111111111 11111111 111 7111111111111 1111111.
11111111.1,11.18.,11111 11111111 111311111111111
1111111111. ’
1111111,111111111111111111,1111111.1111111111
’ 1111111 111 3111111111 3111111111 11111 111 11111111. 111
1111111111,111111,,11111111111111111111111 111 111111
11111, 111 11111 11111 111 1111111 111111111 1111111 1111111
ι 11111 id> 11111) 11111111, 1111111 111111 1111111 1111 111, 11
1111 1111111111 111111 1111111111. 111111111111111711
1111111111111111111, 111111 11 111 111 1111111 3111 111 1
· 111111 ’111111 1111111 111 1751111111 111111 1111111 11.
(11111111 111111 11. 1. 1111 11111. 1111 1111 11111111
,31111111 111111 1111111111 1111111111 3111, 11111111 1
3111. 11111 111111 11 711111111111111, 11111111 11111
’ 111111,111111111111111111111111,17 111 11111 ,
, 111111111111,111111111111 1118111111111111111111111
111 1111111111111111111111111111111 1111111111
811111111111111111111, 1111 111 311111 111111

111111. 11111111111111 3111 1711 1111111111.

u——n———a-

) 81111 1111111 11 11111 1111111111 1111 11 1111111111 111
11111111111111111116.11. , A

 

