76 ’ 5²2·st 6767677676 77

'⁶¹³- ·· ”’7 7677 76 6767776777 7777.

7776 777 3777 666 67777677 777 77777 7777767 67677 77676
= 77776 67 676767 77777 76 77777· 777 67777 77777 7667677777 77777
76777676 67767. 7773767 77676 7677666666, 77777777 7773767
776 ·’“·767776 676 77777 7777 76 7776777 7777 777. 77777777 7777
6777677 7767, 77 77767 676, 77 77767 777 7676777777 777777
(7777777777) 77776 666 7777677777· 777 7777 6776777777 77777
7777767677 77776777 7777677676, 6777677777 77767677777777

777766767677 777777· 677677 Ι67777777676776776777. 7766 77.
’ 777 6667, 766 . 677,·
“’ ’777777 ’7657777 67777777 7777 7777777 7676 7667776777 767777
6777777 7777 776 3767 7667, 77777676 7777 7767, 7777677767Ι

· ,677767777777767 66767, 77777, ,737767 77677 777676. ,7. ,677,

777 776 7776777777 6766777776 6777, 7776 776 7777 7777 7777767777

· 77777 7776777776. 777777, 77776 6666777 7777776717 :5¹¹5 6667,

3767 777777, 77 77777777 man 77771 7777777777 77776776 67777777

., , 7777 776 7677776777766777677 677777 6777677 ,6777 7666.

”’ , 7776676776
777 ’6776776777 777 77776 7777777677 67777677 7777 6777776777

, 77777 677 777 777, 767776 67767777, 7777 7777 777 77677 777 677767

’776 7777777 7777 7677777777 77777 77677 7777 6777767 (77777, 7777
77777 77 3777777776 7787 7777777 7777777 677, 776 7777 777
67677777 77 777 777 6777776 6777777777 7677767767 7 ’6776776
’77777377 7777 777 6777777677 6677777776 777 777777 7777 55 777,
7667777, 777 777 6777776 777777. ’

, 'x ΙΙ776 77777777 777 77. 777676 7776. ·
”’“ ”’-’··-7777” 7777776776 777,Ι 777Ἶ7,’”’7777777777 776 5 5'
' 777, 776 7777677777· 77776776 777777 77677777777777
’ 6777677776 7777777777 77776 7777 777’·7677·“67’77’7777 im
¹ 87767776 777 7777676777 77, 6767777767. 268, 67777 777 mit
. 7777 77777 ’77777 777677 77777777 77767777 77776 6777777777 37777
’6777777777 7777777777.

 

