ιι 11111111. ,

1111111111, 111 3111111 1111111111111 111 1111111 1111
111111111111111113111111111 1111111111111111111, 111
11111111 111 11131111 1111111111 11111, 11111111 1111
1111 1111111 11111 111111 1111 11111 111111 11 1111 111 1
11111161 ,11111111 11111 ,11111111 111 11111111
11111111 111 .,.1111 111 1111 4444 111 111111 11111111,,111,11
,1711,111111111111111111111111111111111111111111
111, 1111111111 111 1111111111 111 1111111111 111 444444
11111111 111 111 1111 1111 111 11111 611111 1111 1131111
1111111 111111, 1111111 111 1711441111, 111 1111111111
111111 1111 11111111111131111 11111111 11,1ιι 1111111111
1711-1710,111 111 11111, 11111111 1111ι11111111111
111,1,11111111,11111,1 6111111111 6 ,1,111, 111, 1111111 111
11111, 1111111. 111 111 111111 (1111111111111111111111 111111
11111111111111111 1111 111 1111 11111, 111111 11111, 1111
1111 1111111111 111 111 111111 111111ι 111 1111 11111111
1111ιί11 111111 111111 11111 1111 mit 111 11111ιί11111 111
111111111111111111 1111, 111 111 11111111 11111111 [1111
111 111111161111111,ι111 ’1111111111 111 6111111111 111
1111111,11111 1111111111111 11111 111111 ,1111111111 111
1111111 11111111111161111, 1111111111 111, 111111 11 1111
1111 1111111111 11111111111111111111111111.611 11111
1111 1111111 111 1111111111 11111, ,111 311 ι 1111, 11111
111 31111111111111111111. ι ι . . 1,,

·, ,ι,ι; ------ · ,1
(ι”-,·ι’171.11ἒι,,’“,’, ⁸¹:
111111 1116111111 1111 11111111 4444114 1111111111
ιιι κ’·’.ι (1111111111111 -...

16111111111111111 ιἰιι 1111111111 11111111 1111111111
11111-1111111111 11111111 111 111 1111111111 11111111
111111111161111111111. 611 1111 11 11111111· 11111 11
611111 11111111, 111 111 1111111111.

··.2· 6111111111111111 11111 111 6111111111 111 111 111
11111111 ιιιιι 6111111 11111111 111. 1111111 1111111111 ι
1111 111111, 1111 1111 11111111 1111111111111111 1111111

31111111, 1111 444 1111111111111111111111 1111111.

 

