101 ζ 111111 comspondenz ¹.
1111111 111 11 1111111111 1111 11111 111 11111 111111 11111111 “

111111-111 1111111111 1111111111 11111 111 1111111111

1111111111 3111111111. ·
1111111111111111111111111111717.

’ 11111111111111111111 1111311111 11111111 11 1111,
111 111111111111111 1111 1111111111 111 611111 1111111111
· 1111 1111111 111 611111 111 1111111111, 11 111111 11111111

. ’111111111111111116111111111 1111 111 11111 11111111

11111111111111111111 1111111111. 31 111 5¹¹ 11111111
1111111 111 61111 1111111111111111. ,
31 1111 111111 11111111 111111111111111,1111111111,111
. 11111111111111111 1111111111111111111,11111111111111111
111111 111111, 111111 11111, ’1111 111111111111111111111
1111111111111111111, 111 1111 1111111 11111. 111111 19111
111 111111111111111 11111111· 1111111111 11111111. Ι111111 11111111
11111111 (1311111, 1111111 11111111, 1111111 1111 11 &a
81 11111 61111111 11111111. ·— 1111111111 11111111 111
111 11111 111 111111 1111111, 1111111111, 1111111111 11111
1111111111. ’(11 111111111311111. 11111, 1111 1116111111
111111 111 1111111111, 1111111 111111 11 111111, 1111111111 11111,
,11111111 1111. 31 111111 11111 1111 (1111111 111. 11111111111
111 1111111111 11 11111111 11111111 11 (1111111. 111 l). ⁴

' 6111111, 1111111131111 111111 1111111 1111, 1111 11111

11111111111111 111111 11111111 11111111, 11 111 (11111 1111 ’

, 11 11111111111111 111 11111111 11111111 11111111,

s Ρ. S. 11. 1111. 31 111 1111 11111111111111111111111.
monesi 1111 1111 11111111 1111111111 11111111, ’1111 11111 111
111 11111111 111111 11 1111111111 111 1111111 11111111.

1111111111, 1. 111111 1117.1
·-· «111 1111111111 111111 111111111111 111111,

,111111111111111111 111 11111111111111111ὲ- 1111 111111
1111111 11111 1111111111111111111111111111111

v 11111111111111111111 1111111111. &ie 111111,

11111111111111111111111111111111,11111111111111

’11111111 1111111111111 111111111111111 1111111111
111 pastorem ,

 

 

