Ἰ δῖ’ἶ-99999-09999999 3' x 187 -
9999999999 99999 999 9999999999 999999999999999999

999 99999999 999999999999 9999999999999. (9999999, {tamn
9999999999 9999 999999 9999 399 99999999 &ebream 9999 99. 99999
9999 999999 999999 999 99999999· 999999, 999 99 99999999 9999 99999
999999. 99 999 99999999· 999999, 9999 9999 9999999999 9999999999 -
9999999, 9999 99999 99999999 9999999 tm 99999. Ι9999 999999
99999 999· 999999, 9999 399999 9999 999 99999, 9999 999 9999999999
9999 999999999999999999999999.’ 9399 9999 mir 9999 9999999999
9999999999999999999 9999999999 9999999999, 9999 999· 999 999999-
99· 999999399999 9999999999999 999999· 99 999 999999 9999999
99999999999199919999999999999999,4999 99999 9999, 99999999 ³
,99999999999999999999 9999999999 9999999· u). 9999 9999999999
99999939999999999999999 999 999) nun 9999 3999999999999, 999999 ’
9999999999999999999 9999999 99999. 9999999999 999999 in ’99999
9999999999 ’9999999999 999999 99999 9999999 9999999, 99999999
uuusfnwdrsomqeu2¹·baewvget1ngssen&summentium 99999
99999999, 999999 999) ‚411ss 99999 999999 wife 999999. 9999999999
9999 99999·9999999’9999ἐὶ99999999 9999999999 9999 999 99999

9999999999 9999999999 9999999999 99999, 999999 99 999 699999 ·

9999999999 99999. 9999999999999999 3999 mi& 9999 999999 99999
= ’9999999999 9999999999· 9999999. 99999 99, 999999 9999999999,
9 mim& 9999999999 999 nod> 9999999999, ’9999999999 9999
99 ’ῑ99999..·999999,··999τ 99999999 999 999 999999 3999999999
9999999 999999 9999 99 9999999 99 999 999 99999999

99 399999 99999. 3999 99999 99999 999 9999 99999· 99 9999999 99999 ·

mma. 9999 M, 9 999999 9999999 999999 39999 999999
tuda 9999999 99999999 999 99999 99999999. 999 9999999 6999
9999· ia» 999999 99999999· 9999 999999, 9999999 bie 9999999 9999999-

999999999999, 999999 99999. 999999 99 99999· ,9999 9999999999
9999999999 99999 999 9999999999 99999999 999999 9999999999 9999 ,
9999999999 99999, 99·Ι 9999 99999 wia, 99 99999999999999
9999 99999 9999999999 9999999 999 999999. ·-· - 9999 999

nemmem 59999. 9999 999 9999 9999999 9999·β 999999 9999 , ,

39999 999999 annotatt: 999999. 99· mersen 999 9999 9999999999
mmmmm 99999 9999999999 99 99999. 999999999 999 mit

’9999 9999999999 9999999999 99999 &a 999 mut 2919999 9999 9999,

 

