. 111111111111111111111111 11

’ 11111111 111111 111 11111111 1111111111, 111111
1111111111111 11111111 11111 11 11111111 111111, 111 11111
11111, 11 111 11 1111 11111 1111111111111111111111111,
111. 11, 1. 111111 111111111111111, 111 11111 111111111113111
11111,1111111111111 111111111111111111 111111 111111 1111111111.

¹ 1111 1111 1111111 111 1111111111, 1111111111 1111 1111
11111111 11111111 111 1111111111 111, 11111 1111111111

¹ 1111111111 1111, 111 1111 11 1111111. 11111 1111111111 611111
3111116. 1111.11.-,- 1111. 1, 1. 1, 11. 11111. 1,
11.,11.Ι 111111. 1, 11-11. 2 11111. 1, 1. 1111. 11, 11.
911. 7, 9,-17. 11, 11. 111111 1111111111 11111 111111 11111111,

, 11111111111111111111 11111 11111111 11 1111111111 11 m·
3 11 11111, 111 11111111 1111111 11111111 111 1111111111 11111
s 113111111111111111111111111111, 11111 11 111 111 1111
’ 1111111111 ,111 1111111 11111111 1111111 111111. 1111111 1111111
111 11 1111 111 111111 11111111 111111, 111111 11111 1111 111
11111111 11111 11 111111111111111111111 11 1111111 11111
11111111 11111116111111111. 111 11111, 111 111 11111111 11111
1111, 111 1111111111 1111111111. (1111111111 111
1111111111 111111 11111111 11111 1111111111
1111111 11111 1111111 11 111111 11111 11111
111111. 1111111 id> 1111 111, 11 11111 111 11 111111 1111111
Dru 111, 111111111111111 11111 1111111 1111111, 11111. 1,
11. 1111111111111, 111 111 1111111111 1111111111111111,
1111 11 1111 1111111111 11111 11. 1111 111 11111 1111 111

1111111111111111111111111. 1111 11111111 111111. 11,

11. 111 1111 11111 3111 ,111111 111111 111 11111 111111

11111111111111111111 1111, 111111113111111, 111 1111 11111

111 311111111111 111) 11 111111111311111111 11111111

11111111 111 11111111, 111 1111111 11111 111111 111 1111
11111111111111111111111111 1111111111 1111111. 111 111
11111111 11111111 1111111111111111 111111. 11, 11111111
¹¹¹¹b 11111111111111111111111111111111111111, 1111 maroe
1111 111111 111111111111111111111111 11111 1111111. 1111
11111111111111111111111111 11111 111 111111 11111111 1111111
11111 111-1111111. 311111311111111111111 1111111

 

