U9999999999‘999999'999'99'991. 99

111-1111111111, 1111113111 1711. ’

1. 111 11111111 111 1111111111 1999· 111111 1111111111
1111111111 9999 111 9999.. ²·

1 111 1111111111 1111111 9999 99 99999999 99 1111
9999999 9999 11111 999999999999 9999999 1111111111 111 99
1111111111 11111111 11111111 61111, 1111111 111 1111111111
1111111111 1111111 9999'999 9999 999

9. 99 11 11111111 999 1113111666 11111111 999999
= 99999199999999', 1111111111 111111111 1111 99 1111111111.
999 1111 111111 1111 1111111 111·

1 999 999999 11111111 11111 111111111111111111111111
999 999 1101111111. 99M 9999 111111111 999 999 0999999'99 Η
1111111111 99 9999999999 9999. 99 9999 1111 111 8111
996 999 6111111 99. 99 1111 99 111 1111111111,·11111
999 11111111111111111111 111 1111111111 1111111111· 9999

9. 1111 1111111111 111 111111 999 9999 111111, 111 99
31111111111111111511111 111111 3¹

6 111111 1111111111 11111111111111111111111111111
999 11111111 99. · 9 1,,1,

111 1111111111, 1111113111 1111.
’ 11111111 111 111 9999 999 999 1111111111
11111 99999999 8999 9999 111 111 111111 111 999 1111111
11111 11111111τ111111.3111-111.11111111 111 1111111111,,11111,’
99999999, 9999 11 1111111111 1111111111111111111111111111
’ 11111111 9999 999995999 1111111 1111111111 '999 1111111 111 11
1111111’11111111111111111111111 11181111111111111 11111, 111

111111 9999 111111· 999 92999999999 9899 1111141 111111
111 1111111111 999999' 111 1111111111, 111 1111111111
9999999 111 999 666 1111111111 111, 11111 99 111 9999 1
11111111 111 11111 11111111 111111 9‘99. 39 111 1111111111 999
11111111111111111111111111111111 1111111 9999
999999999 99999'999999.· 99 '9999 11111111 1111141111 899, ' “
1111 1111111 9999999999999 1111 99 11111 9999: 999999
11111 1111 11111111 13111111 11111 999 1111111111,Ι 999 ¹·

111111 1111 111) 111111 111111111 1111111111, 9999 1111111111.
1111111111 11111 1111111111 11111111 111. ·

W

 

