.' ⁴ 1111111111 ’

s 111111111111111 „Dm 1111111111 1111111111111111111

. 1111111, 1111181111111111111111111111111111.1 - M
' 1111111111 1111111111, 1111111111 11111111111111118111111111 .
’ 1111 1111111111, 1111111 11118111111111111 111111111111 , ἶ

’ 11111 1111111111 111111 111111 111 111111111111111 111111

1111111 1116111111111 1111 1111111111 1111 1111111

11111 111 11 1111111111111111 111 11111111111111111111

1111111 11111111 1111 ,1111111 111 11111111 111 1111111 ’1111

11111111 111111 11 1111111 111111 1111111111111111111

. bess 1111111111 fid> 1111111111 11111 111111111111111111
111111 111 111111 11111111 11111 1111 1111111111111111111111

11111111 111111111111111 11111111111111111111 ιο 111
ἱ 111 111111 111111111111111111ιρ 1111 11111 111 1111111111
1111111 1111 11111 111111 =

ξ’ 1111111111,1111ξ111.1111, , χ Ι

 

