ι 7777777777 777
777.Ι 7. 777. 7777 . Ι

7 7777 77777 777 777777 777777 77 777777, 777 7777 77777
2 7777777. 7777 777 777 7777777 777 777 777. 77777. 777777 . “
7777777777 7777777777 7., 77777777. 77 777 777 777777
77777 7777777, ’777 77 777 7777777 777 77777 7777777 77 777 ι
- 7777 7777 777 7777. 7777777777 77777 55 77777 77777777 55¹ ’
’ 77777 77 777 77777 77777 7777777 777 77777777 ejus nomine ’
. 77777 777777 7777 77 7777 7777 77777 77777, 55 77 7777 77777
1177777777777777777,7777777777, 5555. 3777777777
777 777 77 77 77777, 77 777777 777 7777777 7777777. 777 ’ ’
7. 77777 7777 777 7777777777 7777777777. ,7777777 77777 77
77777 777 7777, 77 77 7777 777 777777 77777777 7777 77777. ·
,77 555 7777 77777, 77777 777 7777 77 777777 777777 7777, ·
7777 7 77777. 7777 77777 7777 77 7777777777 77 777777 7777
377 77 7777 777777 8777 777 7777777777 77777777 77777777
mit 7777777777 7777 7777 77777 7777777, 7777777 7777777 777 ’
’777 777777. 777777 777 1555 7777 77777 777 7777777 777
77777 7777, 7777 777777 777 77777 55'5.

555 18 55. 5737.

κ 5555 77777777777777777777. 7777777777 777 77777 1
7777777777. 77 77 77 77 7777 77777 7777777777. 77 77777 .
777 77 777 777777 77 777 777 77777 77777 7777 7777 777 7777 ‘
7777777777 777777 77777 7777777, 7777777777 77 777-

77 7777 7777 77777777 77777 777 777 777 77777, 77777 777777
777777, 77 777777 777 7. 777 7777. 7777777777. 777777,

7777 7777777777 7777 777 77777777 77 77777777, 77777 77 777
77777 77 7777777777 7777 7777, 77 7777777777 77 777 77777 .
7777 77777 7777 7777 777777 'affectus 5555' 77777. 77 7777 7777
7777777. 777 777 77 ’7777 77777777. 7777777777 77777777 77 ’
77777, 777 777 7777777777 77 7777777777, 77 7777 77 77777777. ’

,777 7777 7777 7777 Β, 7. 7777 777777, 7777 777777 77777777
777 7777 7777777777 77777, 777 77 ,7777 777777 7777777 77777 ’ ,
77777 777777 777777 77 7777777777 777777. 7777 77777 ζ
5555 5155 77777777, 777777 777777 7777 77777, 7777777777777
7777 werbe· ³550 7777 777777, 77777 777 777777 777777 777777,

 

Am.

'21

