¹ 62 §.mentis ·

666666 666. 666 66666 6666666 6666666666 666 66666
66666666 666 thim, [6 fem 666666 666 6666666666 666666
(continuum) 666666, 666, 666666 666666 666 666 ‘Rea 666
666 666 iu 666 &mmm 6666 666 666 666 666 3666 666 ,
666666, 666666 666 66666 666 666 6666 6666 6666, 6666666 =
3miftl 6666666 ist, fvbsslb Mt? 661666 666666666616666. 666
66 6666666 666666 6666666 666 666666 666 66666 6666666 66
6666666. hingem 66666Ι 66 6666666666, 666 3666 666 6666666
666 666, 666666 666,666(66666616 6616666166)66666616666
666 66666666 Me 6666666 6666, fo 666 66 6666666),Ι in 666
66666666 666 62 6666666, 666 666 »wigen 36666 66666666,

, 6666666 6666 666 (66666666 666666, 666 mit 666 6666666666

μ 6666666666, 6616636666. §bue 6666666 66666 666
6666666 666, 666 ersten 6666 666 666 6666666666. murum
6666 bars 666 66666 666666 66666, 6666666666 666666 866666,
iu 6666166 werstano 666666. antam 666 6666666666 666
666666 666 666 nicht 6666 66 666 36661686 6666666666 ’66 ;

, loun 6666666 36666· [pater 6666 6666 (66666666) 66666666

numnam 666 666 in 66666666666666616666 {anganseo J
666 Qum. 6566. 9. 66666666 666 666 worma, ’6666 6666, ff
6666666666. 666 6666661666666 6666666 3666666666 666 ¹
6666666666, 666, [o gu 66666, unm 666666 sporum 666 ι
6666 6666 66666 666 66 ,66666 3666666666 66666 666· ξ
666 666. 666 66666666 66666666666666666616666 2
, 66666666, 666 6666 ,6666 maium 36666 666 666 666 66666 ¹
Ιιι 66666 66666 6666, 666 666 666 42 6666666 66666666 6

, ttifft (66666 primario 42 66666166 6666666666), 6666 1

3666666 666 666 666666 666 6666666666 666 -·

*σε*

am 66666666 366666 36666 6666 66 6566666. 6
= ‘mmmmm 18. 6666 6766.

66. 66666666 66666 6666666 marius 666666 666 ¹
6666666666 gegeben, 666 fd> 66 &adun 666666 66666666
6666666666 66666666 666666 666 666666 666 gu 266666 66666
2 ’ 666666 666666. 36 66666 66 66 66666666 66666, weil 666

 

